version https://git-lfs.github.com/spec/v1
oid sha256:4eb56c1c0b19a435ae2d7ef0af4ec98a78677aed6eada108331dbd5bbcb5d7df
size 36895612
